{
 "cells": [
  {
   "cell_type": "code",
   "execution_count": 66,
   "metadata": {},
   "outputs": [],
   "source": [
    "import pandas as pd\n",
    "import xgboost as xgb\n",
    "from sklearn.model_selection import train_test_split\n",
    "from sklearn.metrics import mean_absolute_error, mean_squared_error, r2_score\n",
    "from sklearn.preprocessing import StandardScaler\n",
    "import numpy as np\n",
    "from datetime import timedelta\n",
    "import matplotlib.pyplot as plt"
   ]
  },
  {
   "cell_type": "code",
   "execution_count": 4,
   "metadata": {},
   "outputs": [
    {
     "data": {
      "text/html": [
       "<div>\n",
       "<style scoped>\n",
       "    .dataframe tbody tr th:only-of-type {\n",
       "        vertical-align: middle;\n",
       "    }\n",
       "\n",
       "    .dataframe tbody tr th {\n",
       "        vertical-align: top;\n",
       "    }\n",
       "\n",
       "    .dataframe thead th {\n",
       "        text-align: right;\n",
       "    }\n",
       "</style>\n",
       "<table border=\"1\" class=\"dataframe\">\n",
       "  <thead>\n",
       "    <tr style=\"text-align: right;\">\n",
       "      <th></th>\n",
       "      <th>Timestamp</th>\n",
       "      <th>PM2.5 [ug/m3]</th>\n",
       "      <th>PM10[ug/m3]</th>\n",
       "      <th>Ozone [ppb]</th>\n",
       "      <th>Carbon_Monoxide [ppb]</th>\n",
       "      <th>Temperature [°C]</th>\n",
       "      <th>Relative_Humidity [%]</th>\n",
       "    </tr>\n",
       "  </thead>\n",
       "  <tbody>\n",
       "    <tr>\n",
       "      <th>0</th>\n",
       "      <td>31/01/2022 12:00:00</td>\n",
       "      <td>13.181818</td>\n",
       "      <td>14.181818</td>\n",
       "      <td>456.090909</td>\n",
       "      <td>371.909091</td>\n",
       "      <td>20.413636</td>\n",
       "      <td>28.798182</td>\n",
       "    </tr>\n",
       "    <tr>\n",
       "      <th>1</th>\n",
       "      <td>31/01/2022 13:00:00</td>\n",
       "      <td>16.333333</td>\n",
       "      <td>17.333333</td>\n",
       "      <td>78.833333</td>\n",
       "      <td>405.750000</td>\n",
       "      <td>22.851667</td>\n",
       "      <td>22.753333</td>\n",
       "    </tr>\n",
       "    <tr>\n",
       "      <th>2</th>\n",
       "      <td>31/01/2022 14:00:00</td>\n",
       "      <td>25.480000</td>\n",
       "      <td>26.893333</td>\n",
       "      <td>44.280000</td>\n",
       "      <td>407.946667</td>\n",
       "      <td>24.910667</td>\n",
       "      <td>19.626133</td>\n",
       "    </tr>\n",
       "    <tr>\n",
       "      <th>3</th>\n",
       "      <td>31/01/2022 15:00:00</td>\n",
       "      <td>26.701058</td>\n",
       "      <td>28.343915</td>\n",
       "      <td>39.462963</td>\n",
       "      <td>405.023810</td>\n",
       "      <td>25.443915</td>\n",
       "      <td>19.002831</td>\n",
       "    </tr>\n",
       "    <tr>\n",
       "      <th>4</th>\n",
       "      <td>31/01/2022 16:00:00</td>\n",
       "      <td>32.166667</td>\n",
       "      <td>34.166667</td>\n",
       "      <td>33.916667</td>\n",
       "      <td>399.416667</td>\n",
       "      <td>23.152500</td>\n",
       "      <td>22.096667</td>\n",
       "    </tr>\n",
       "  </tbody>\n",
       "</table>\n",
       "</div>"
      ],
      "text/plain": [
       "             Timestamp  PM2.5 [ug/m3]  PM10[ug/m3]  Ozone [ppb]  \\\n",
       "0  31/01/2022 12:00:00      13.181818    14.181818   456.090909   \n",
       "1  31/01/2022 13:00:00      16.333333    17.333333    78.833333   \n",
       "2  31/01/2022 14:00:00      25.480000    26.893333    44.280000   \n",
       "3  31/01/2022 15:00:00      26.701058    28.343915    39.462963   \n",
       "4  31/01/2022 16:00:00      32.166667    34.166667    33.916667   \n",
       "\n",
       "   Carbon_Monoxide [ppb]  Temperature [°C]  Relative_Humidity [%]  \n",
       "0             371.909091         20.413636              28.798182  \n",
       "1             405.750000         22.851667              22.753333  \n",
       "2             407.946667         24.910667              19.626133  \n",
       "3             405.023810         25.443915              19.002831  \n",
       "4             399.416667         23.152500              22.096667  "
      ]
     },
     "execution_count": 4,
     "metadata": {},
     "output_type": "execute_result"
    }
   ],
   "source": [
    "df = pd.read_csv('../../Data/Mendalay.csv')\n",
    "df.head()"
   ]
  },
  {
   "cell_type": "code",
   "execution_count": 8,
   "metadata": {},
   "outputs": [],
   "source": [
    "df['Timestamp'] = pd.to_datetime(df['Timestamp'], format='%d/%m/%Y %H:%M:%S')\n",
    "df.set_index('Timestamp', inplace=True)\n"
   ]
  },
  {
   "cell_type": "code",
   "execution_count": 51,
   "metadata": {},
   "outputs": [],
   "source": [
    "def create_lagged_features(df, lags=3):\n",
    "    for lag in range(1, lags+1):\n",
    "        df[f\"humidity_lag_{lag}\"] = df['humidity'].shift(lag)\n",
    "        df[f\"temp_lag_{lag}\"] = df['temperature'].shift(lag)\n",
    "    df = df.dropna()  \n",
    "    return df"
   ]
  },
  {
   "cell_type": "code",
   "execution_count": 52,
   "metadata": {},
   "outputs": [
    {
     "data": {
      "text/html": [
       "<div>\n",
       "<style scoped>\n",
       "    .dataframe tbody tr th:only-of-type {\n",
       "        vertical-align: middle;\n",
       "    }\n",
       "\n",
       "    .dataframe tbody tr th {\n",
       "        vertical-align: top;\n",
       "    }\n",
       "\n",
       "    .dataframe thead th {\n",
       "        text-align: right;\n",
       "    }\n",
       "</style>\n",
       "<table border=\"1\" class=\"dataframe\">\n",
       "  <thead>\n",
       "    <tr style=\"text-align: right;\">\n",
       "      <th></th>\n",
       "      <th>PM2.5 [ug/m3]</th>\n",
       "      <th>PM10[ug/m3]</th>\n",
       "      <th>Ozone [ppb]</th>\n",
       "      <th>Carbon_Monoxide [ppb]</th>\n",
       "      <th>Temperature [°C]</th>\n",
       "      <th>Relative_Humidity [%]</th>\n",
       "    </tr>\n",
       "    <tr>\n",
       "      <th>Timestamp</th>\n",
       "      <th></th>\n",
       "      <th></th>\n",
       "      <th></th>\n",
       "      <th></th>\n",
       "      <th></th>\n",
       "      <th></th>\n",
       "    </tr>\n",
       "  </thead>\n",
       "  <tbody>\n",
       "    <tr>\n",
       "      <th>2022-01-31 12:00:00</th>\n",
       "      <td>13.181818</td>\n",
       "      <td>14.181818</td>\n",
       "      <td>456.090909</td>\n",
       "      <td>371.909091</td>\n",
       "      <td>20.413636</td>\n",
       "      <td>28.798182</td>\n",
       "    </tr>\n",
       "    <tr>\n",
       "      <th>2022-01-31 13:00:00</th>\n",
       "      <td>16.333333</td>\n",
       "      <td>17.333333</td>\n",
       "      <td>78.833333</td>\n",
       "      <td>405.750000</td>\n",
       "      <td>22.851667</td>\n",
       "      <td>22.753333</td>\n",
       "    </tr>\n",
       "    <tr>\n",
       "      <th>2022-01-31 14:00:00</th>\n",
       "      <td>25.480000</td>\n",
       "      <td>26.893333</td>\n",
       "      <td>44.280000</td>\n",
       "      <td>407.946667</td>\n",
       "      <td>24.910667</td>\n",
       "      <td>19.626133</td>\n",
       "    </tr>\n",
       "    <tr>\n",
       "      <th>2022-01-31 15:00:00</th>\n",
       "      <td>26.701058</td>\n",
       "      <td>28.343915</td>\n",
       "      <td>39.462963</td>\n",
       "      <td>405.023810</td>\n",
       "      <td>25.443915</td>\n",
       "      <td>19.002831</td>\n",
       "    </tr>\n",
       "    <tr>\n",
       "      <th>2022-01-31 16:00:00</th>\n",
       "      <td>32.166667</td>\n",
       "      <td>34.166667</td>\n",
       "      <td>33.916667</td>\n",
       "      <td>399.416667</td>\n",
       "      <td>23.152500</td>\n",
       "      <td>22.096667</td>\n",
       "    </tr>\n",
       "  </tbody>\n",
       "</table>\n",
       "</div>"
      ],
      "text/plain": [
       "                     PM2.5 [ug/m3]  PM10[ug/m3]  Ozone [ppb]  \\\n",
       "Timestamp                                                      \n",
       "2022-01-31 12:00:00      13.181818    14.181818   456.090909   \n",
       "2022-01-31 13:00:00      16.333333    17.333333    78.833333   \n",
       "2022-01-31 14:00:00      25.480000    26.893333    44.280000   \n",
       "2022-01-31 15:00:00      26.701058    28.343915    39.462963   \n",
       "2022-01-31 16:00:00      32.166667    34.166667    33.916667   \n",
       "\n",
       "                     Carbon_Monoxide [ppb]  Temperature [°C]  \\\n",
       "Timestamp                                                      \n",
       "2022-01-31 12:00:00             371.909091         20.413636   \n",
       "2022-01-31 13:00:00             405.750000         22.851667   \n",
       "2022-01-31 14:00:00             407.946667         24.910667   \n",
       "2022-01-31 15:00:00             405.023810         25.443915   \n",
       "2022-01-31 16:00:00             399.416667         23.152500   \n",
       "\n",
       "                     Relative_Humidity [%]  \n",
       "Timestamp                                   \n",
       "2022-01-31 12:00:00              28.798182  \n",
       "2022-01-31 13:00:00              22.753333  \n",
       "2022-01-31 14:00:00              19.626133  \n",
       "2022-01-31 15:00:00              19.002831  \n",
       "2022-01-31 16:00:00              22.096667  "
      ]
     },
     "execution_count": 52,
     "metadata": {},
     "output_type": "execute_result"
    }
   ],
   "source": [
    "df.head()"
   ]
  },
  {
   "cell_type": "code",
   "execution_count": 6,
   "metadata": {},
   "outputs": [
    {
     "data": {
      "text/html": [
       "<div>\n",
       "<style scoped>\n",
       "    .dataframe tbody tr th:only-of-type {\n",
       "        vertical-align: middle;\n",
       "    }\n",
       "\n",
       "    .dataframe tbody tr th {\n",
       "        vertical-align: top;\n",
       "    }\n",
       "\n",
       "    .dataframe thead th {\n",
       "        text-align: right;\n",
       "    }\n",
       "</style>\n",
       "<table border=\"1\" class=\"dataframe\">\n",
       "  <thead>\n",
       "    <tr style=\"text-align: right;\">\n",
       "      <th></th>\n",
       "      <th>Timestamp</th>\n",
       "      <th>Temperature</th>\n",
       "      <th>Humidity</th>\n",
       "    </tr>\n",
       "  </thead>\n",
       "  <tbody>\n",
       "    <tr>\n",
       "      <th>0</th>\n",
       "      <td>2022-01-31 12:00:00</td>\n",
       "      <td>20.413636</td>\n",
       "      <td>28.798182</td>\n",
       "    </tr>\n",
       "    <tr>\n",
       "      <th>1</th>\n",
       "      <td>2022-01-31 13:00:00</td>\n",
       "      <td>22.851667</td>\n",
       "      <td>22.753333</td>\n",
       "    </tr>\n",
       "    <tr>\n",
       "      <th>2</th>\n",
       "      <td>2022-01-31 14:00:00</td>\n",
       "      <td>24.910667</td>\n",
       "      <td>19.626133</td>\n",
       "    </tr>\n",
       "    <tr>\n",
       "      <th>3</th>\n",
       "      <td>2022-01-31 15:00:00</td>\n",
       "      <td>25.443915</td>\n",
       "      <td>19.002831</td>\n",
       "    </tr>\n",
       "    <tr>\n",
       "      <th>4</th>\n",
       "      <td>2022-01-31 16:00:00</td>\n",
       "      <td>23.152500</td>\n",
       "      <td>22.096667</td>\n",
       "    </tr>\n",
       "  </tbody>\n",
       "</table>\n",
       "</div>"
      ],
      "text/plain": [
       "            Timestamp  Temperature   Humidity\n",
       "0 2022-01-31 12:00:00    20.413636  28.798182\n",
       "1 2022-01-31 13:00:00    22.851667  22.753333\n",
       "2 2022-01-31 14:00:00    24.910667  19.626133\n",
       "3 2022-01-31 15:00:00    25.443915  19.002831\n",
       "4 2022-01-31 16:00:00    23.152500  22.096667"
      ]
     },
     "execution_count": 6,
     "metadata": {},
     "output_type": "execute_result"
    }
   ],
   "source": [
    "columns_to_drop = ['PM2.5 [ug/m3]', 'PM10[ug/m3]', 'Ozone [ppb]', 'Carbon_Monoxide [ppb]']\n",
    "df = df.drop(columns=columns_to_drop)\n",
    "\n",
    "df = df.rename(columns={\n",
    "    'Temperature [°C]': 'Temperature',\n",
    "    'Relative_Humidity [%]': 'Humidity'\n",
    "})\n",
    "\n",
    "df.head()"
   ]
  }
 ],
 "metadata": {
  "kernelspec": {
   "display_name": "Python 3",
   "language": "python",
   "name": "python3"
  },
  "language_info": {
   "codemirror_mode": {
    "name": "ipython",
    "version": 3
   },
   "file_extension": ".py",
   "mimetype": "text/x-python",
   "name": "python",
   "nbconvert_exporter": "python",
   "pygments_lexer": "ipython3",
   "version": "3.11.0"
  }
 },
 "nbformat": 4,
 "nbformat_minor": 2
}
